1
2
3
5
10
6
6162
300
0
6
6380
300
0
6
0
300
0
6
0
300
0
6
0
300
0
6
0
300
0
6
0
300
0
6
0
300
0
6
0
300
0
6
0
300
0
6
0
300
0
6
0
300
0
6
0
300
0
6
0
300
0
6
0
300
0
6
0
300
0
6
0
300
0
6
0
300
0
6
0
300
0
6
0
300
0
6
0
300
0
6
0
300
0
6
0
300
0
6
0
300
0
6
0
300
0
6
0
300
0
6
0
300
0
6
0
300
0
6
0
300
0
6
0
300
0
6
0
300
0
6
18
300
0
5
50
7
5308
100
1
7
2aaf
100
1
7
2403
100
1
7
3bb5
100
1
7
e585
100
1
7
193d
100
1
7
1790
100
1
7
29fb
100
1
7
3f8d
100
1
7
529b
100
1
7
c11b
100
1
7
36ca
100
1
7
8378
100
1
7
2d28
100
1
7
c16a
100
1
7
a4e1
100
0
ffffffff