5
20
1
2
5
20
3
5
20
6
dead
800
0
6
beef
800
0
6
8000
800
0
6
0
800
0
6
0
800
0
6
0
800
0
6
0
800
0
6
0
800
0
6
0
800
0
6
0
800
0
6
0
800
0
6
0
800
0
6
0
800
0
6
0
800
0
6
0
800
0
6
0
800
0
6
0
800
0
6
0
800
0
6
0
800
0
6
0
800
0
6
0
800
0
6
0
800
0
6
0
800
0
6
0
800
0
6
0
800
0
6
0
800
0
6
0
800
0
6
0
800
0
6
0
800
0
6
0
800
0
6
0
800
0
6
1
800
0
5
50
7
6901
800
1
7
3b41
800
1
7
66ee
800
1
7
d0e6
800
1
7
75e3
800
1
7
e4b8
800
1
7
5515
800
1
7
fc2d
800
1
7
459e
800
1
7
2582
800
1
7
af52
800
1
7
ccb6
800
1
7
594
800
1
7
f0d3
800
1
7
a40f
800
1
7
977c
800
0
ffffffff