5
20
1
2
5
20
3
5
20
6
0
800
0
6
0
800
0
6
0
800
0
6
1bf
800
0
6
dead
800
0
6
0
800
0
6
0
800
0
6
0
800
0
6
0
800
0
6
0
800
0
6
0
800
0
6
0
800
0
6
0
800
0
6
0
800
0
6
0
800
0
6
0
800
0
6
0
800
0
6
0
800
0
6
0
800
0
6
0
800
0
6
0
800
0
6
0
800
0
6
0
800
0
6
0
800
0
6
0
800
0
6
0
800
0
6
0
800
0
6
0
800
0
6
0
800
0
6
0
800
0
6
0
800
0
6
1
800
0
6
0
800
0
6
0
800
0
6
0
800
0
6
0
800
0
6
0
800
0
6
0
800
0
6
0
800
0
6
0
800
0
6
0
800
0
6
0
800
0
6
0
800
0
6
0
800
0
6
0
800
0
6
0
800
0
6
0
800
0
6
0
800
0
6
0
800
0
6
0
800
0
6
0
800
0
6
0
800
0
6
0
800
0
6
0
800
0
6
0
800
0
6
0
800
0
6
0
800
0
6
0
800
0
6
0
800
0
6
0
800
0
6
0
800
0
6
0
800
0
6
0
800
0
6
1
800
0
6
0
800
0
6
0
800
0
6
0
800
0
6
1bf
800
0
5
50
7
dcfe
800
1
7
75b9
800
1
7
e9e2
800
1
7
df55
800
1
7
a28b
800
1
7
9dd3
800
1
7
44d3
800
1
7
4e2e
800
1
7
d8d8
800
1
7
3ecc
800
1
7
f372
800
1
7
a2
800
1
7
44ce
800
1
7
8cdb
800
1
7
2c3e
800
1
7
459b
800
0
ffffffff