5
20
1
2
5
20
3
5
20
6
000
800
0
6
000
800
0
6
000
800
0
6
601
800
0
6
dead
800
0
6
beef
800
0
6
0
800
0
6
0
800
0
6
0
800
0
6
0
800
0
6
0
800
0
6
0
800
0
6
0
800
0
6
0
800
0
6
0
800
0
6
0
800
0
6
0
800
0
6
0
800
0
6
0
800
0
6
0
800
0
6
0
800
0
6
0
800
0
6
0
800
0
6
0
800
0
6
0
800
0
6
0
800
0
6
0
800
0
6
0
800
0
6
0
800
0
6
0
800
0
6
0
800
0
6
0
800
0
6
0
800
0
6
0
800
0
6
0
800
0
6
0
800
0
6
0
800
0
6
0
800
0
6
0
800
0
6
0
800
0
6
0
800
0
6
0
800
0
6
0
800
0
6
0
800
0
6
0
800
0
6
0
800
0
6
0
800
0
6
0
800
0
6
0
800
0
6
0
800
0
6
0
800
0
6
0
800
0
6
0
800
0
6
0
800
0
6
0
800
0
6
0
800
0
6
0
800
0
6
0
800
0
6
0
800
0
6
0
800
0
6
0
800
0
6
0
800
0
6
0
800
0
6
0
800
0
6
0
800
0
6
0
800
0
6
0
800
0
6
0
800
0
6
0
800
0
6
0
800
0
6
0
800
0
6
0
800
0
6
0
800
0
6
0
800
0
6
0
800
0
6
0
800
0
6
0
800
0
6
0
800
0
6
0
800
0
6
0
800
0
6
0
800
0
6
0
800
0
6
0
800
0
6
0
800
0
6
0
800
0
6
0
800
0
6
0
800
0
6
0
800
0
6
0
800
0
6
0
800
0
6
0
800
0
6
0
800
0
6
0
800
0
6
0
800
0
6
0
800
0
6
0
800
0
6
0
800
0
6
0
800
0
6
0
800
0
6
0
800
0
6
4000
800
0
6
0
800
0
6
0
800
0
6
0
800
0
6
0
800
0
6
0
800
0
6
0
800
0
6
0
800
0
6
0
800
0
6
0
800
0
6
0
800
0
6
0
800
0
6
0
800
0
6
0
800
0
6
0
800
0
6
0
800
0
6
0
800
0
6
0
800
0
6
0
800
0
6
0
800
0
6
0
800
0
6
0
800
0
6
0
800
0
6
0
800
0
6
0
800
0
6
0
800
0
6
0
800
0
6
0
800
0
6
0
800
0
6
0
800
0
6
0
800
0
6
0
800
0
6
0
800
0
6
0
800
0
6
0
800
0
6
0
800
0
6
0
800
0
6
0
800
0
6
0
800
0
6
0
800
0
6
0
800
0
6
0
800
0
6
0
800
0
6
0
800
0
6
0
800
0
6
0
800
0
6
0
800
0
6
0
800
0
6
0
800
0
6
0
800
0
6
0
800
0
6
0
800
0
6
0
800
0
6
0
800
0
6
0
800
0
6
0
800
0
6
0
800
0
6
0
800
0
6
0
800
0
6
0
800
0
6
0
800
0
6
0
800
0
6
0
800
0
6
0
800
0
6
0
800
0
6
0
800
0
6
0
800
0
6
0
800
0
6
0
800
0
6
0
800
0
6
0
800
0
6
0
800
0
6
0
800
0
6
0
800
0
6
0
800
0
6
0
800
0
6
0
800
0
6
0
800
0
6
0
800
0
6
0
800
0
6
0
800
0
6
0
800
0
6
0
800
0
6
0
800
0
6
0
800
0
6
0
800
0
6
0
800
0
6
1
800
0
6
106
800
0
6
0
800
0
6
0
800
0
6
0
800
0
6
0
800
0
6
0
800
0
6
0
800
0
6
0
800
0
5
50
7
a12c
800
1
7
4488
800
1
7
be41
800
1
7
e945
800
1
7
1fc
800
1
7
c897
800
1
7
bcb4
800
1
7
45b3
800
1
7
7a6e
800
1
7
a037
800
1
7
8a22
800
1
7
3b09
800
1
7
230f
800
1
7
1a
800
1
7
b830
800
1
7
ca2f
800
0
ffffffff
