1
2
3
5
10
6
6162
300
0
6
6380
300
0
6
0
300
0
6
0
300
0
6
0
300
0
6
0
300
0
6
0
300
0
6
0
300
0
6
0
300
0
6
0
300
0
6
0
300
0
6
0
300
0
6
0
300
0
6
0
300
0
6
0
300
0
6
0
300
0
6
0
300
0
6
0
300
0
6
0
300
0
6
0
300
0
6
0
300
0
6
0
300
0
6
0
300
0
6
0
300
0
6
0
300
0
6
0
300
0
6
0
300
0
6
0
300
0
6
0
300
0
6
0
300
0
6
0
300
0
6
18
300
0
5
50
7
ba78
100
1
7
16bf
100
1
7
8f01
100
1
7
cfea
100
1
7
4141
100
1
7
40de
100
1
7
5dae
100
1
7
2223
100
1
7
b003
100
1
7
61a3
100
1
7
9617
100
1
7
7a9c
100
1
7
b410
100
1
7
ff61
100
1
7
f200
100
1
7
15ae
100
0
ffffffff