5
20
1
2
5
20
3
5
20
6
cd0e
800
0
6
32ea
800
0
6
2dd1
800
0
6
f44c
800
0
6
4f06
800
0
6
382f
800
0
6
f172
800
0
6
9e49
800
0
6
6896
800
0
6
7178
800
0
6
39f3
800
0
6
f90c
800
0
6
b5b7
800
0
6
6171
800
0
6
f9d7
800
0
6
afdd
800
0
6
8523
800
0
6
9e67
800
0
6
9529
800
0
6
3c68
800
0
6
5ed8
800
0
6
55cb
800
0
6
69f4
800
0
6
723b
800
0
6
7699
800
0
6
c3b3
800
0
6
42ca
800
0
6
f64b
800
0
6
3a6d
800
0
6
bc59
800
0
6
e23e
800
0
6
c270
800
0
6
cb1e
800
0
6
289a
800
0
6
806a
800
0
6
a1e4
800
0
6
7bbb
800
0
6
8178
800
0
6
466a
800
0
6
b6c8
800
0
6
5417
800
0
6
5798
800
0
6
d2df
800
0
6
f59f
800
0
6
9247
800
0
6
ccc5
800
0
6
b56d
800
0
6
a8d1
800
0
6
2428
800
0
6
186b
800
0
6
f73d
800
0
6
eb2a
800
0
6
2fd7
800
0
6
51d
800
0
6
917b
800
0
6
3058
800
0
6
8b37
800
0
6
740f
800
0
6
f1d9
800
0
6
bc70
800
0
6
446e
800
0
6
d79c
800
0
6
7a0b
800
0
6
296a
800
0
6
180
800
0
6
e1
800
0
6
149
800
0
6
e2a0
800
0
6
0
800
0
6
0
800
0
6
0
800
0
6
0
800
0
6
0
800
0
6
0
800
0
6
0
800
0
6
0
800
0
6
0
800
0
6
0
800
0
6
0
800
0
6
0
800
0
6
0
800
0
6
0
800
0
6
0
800
0
6
0
800
0
6
0
800
0
6
0
800
0
6
0
800
0
6
0
800
0
6
0
800
0
6
0
800
0
6
0
800
0
6
0
800
0
6
0
800
0
6
0
800
0
6
0
800
0
6
0
800
0
6
0
800
0
6
0
800
0
6
0
800
0
6
0
800
0
6
0
800
0
6
0
800
0
6
0
800
0
6
0
800
0
6
0
800
0
6
0
800
0
6
0
800
0
6
0
800
0
6
0
800
0
6
0
800
0
6
0
800
0
6
0
800
0
6
0
800
0
6
0
800
0
6
0
800
0
6
0
800
0
6
0
800
0
6
0
800
0
6
0
800
0
6
0
800
0
6
0
800
0
6
0
800
0
6
0
800
0
6
0
800
0
6
0
800
0
6
0
800
0
6
0
800
0
6
0
800
0
5
50
7
658
800
1
7
234a
800
1
7
4ac3
800
1
7
5a54
800
1
7
8b9f
800
1
7
8656
800
1
7
e95b
800
1
7
3b08
800
1
7
7f2d
800
1
7
aa93
800
1
7
a411
800
1
7
cc4f
800
1
7
5036
800
1
7
8512
800
1
7
5026
800
1
7
9f93
800
0
ffffffff