5
20
1
2
5
20
3
5
20
6
dead
800
0
6
beef
800
0
6
8000
800
0
6
0
800
0
6
0
800
0
6
0
800
0
6
0
800
0
6
0
800
0
6
0
800
0
6
0
800
0
6
0
800
0
6
0
800
0
6
0
800
0
6
0
800
0
6
0
800
0
6
0
800
0
6
0
800
0
6
0
800
0
6
0
800
0
6
0
800
0
6
0
800
0
6
0
800
0
6
0
800
0
6
0
800
0
6
0
800
0
6
0
800
0
6
0
800
0
6
0
800
0
6
0
800
0
6
0
800
0
6
0
800
0
6
0
800
0
5
50
7
ce21
800
1
7
6a2
800
1
7
6f3f
800
1
7
9849
800
1
7
9b5b
800
1
7
79d4
800
1
7
9d91
800
1
7
d35
800
1
7
c62d
800
1
7
2cf3
800
1
7
3601
800
1
7
487d
800
1
7
3ace
800
1
7
b995
800
1
7
4d37
800
1
7
f75c
800
0
ffffffff