5
20
1
2
5
20
3
5
20
6
0
800
0
6
0
800
0
6
0
800
0
6
101
800
0
6
dead
800
0
6
beef
800
0
6
0
800
0
6
0
800
0
6
0
800
0
6
0
800
0
6
0
800
0
6
0
800
0
6
0
800
0
6
0
800
0
6
0
800
0
6
0
800
0
6
0
800
0
6
0
800
0
6
0
800
0
6
0
800
0
6
4000
800
0
6
0
800
0
6
0
800
0
6
0
800
0
6
0
800
0
6
0
800
0
6
0
800
0
6
0
800
0
6
0
800
0
6
0
800
0
6
0
800
0
6
0
800
0
6
0
800
0
6
0
800
0
6
0
800
0
6
0
800
0
6
0
800
0
6
0
800
0
6
0
800
0
6
0
800
0
6
0
800
0
6
0
800
0
6
0
800
0
6
0
800
0
6
0
800
0
6
0
800
0
6
0
800
0
6
0
800
0
6
0
800
0
6
0
800
0
6
0
800
0
6
0
800
0
5
50
7
3074
800
1
7
529e
800
1
7
5e0f
800
1
7
f664
800
1
7
7040
800
1
7
3221
800
1
7
3a0
800
1
7
41cd
800
1
7
44a3
800
1
7
d2ba
800
1
7
8138
800
1
7
4478
800
1
7
77f7
800
1
7
f756
800
1
7
ea27
800
1
7
1702
800
0
ffffffff
