1
2
3
5
10
6
6162
300
0
6
6380
300
0
6
0
300
0
6
0
300
0
6
0
300
0
6
0
300
0
6
0
300
0
6
0
300
0
6
0
300
0
6
0
300
0
6
0
300
0
6
0
300
0
6
0
300
0
6
0
300
0
6
0
300
0
6
0
300
0
6
0
300
0
6
0
300
0
6
0
300
0
6
0
300
0
6
0
300
0
6
0
300
0
6
0
300
0
6
0
300
0
6
0
300
0
6
0
300
0
6
0
300
0
6
0
300
0
6
0
300
0
6
0
300
0
6
0
300
0
6
18
300
0
6
6162
300
0
6
6380
300
0
6
0
300
0
6
0
300
0
6
0
300
0
6
0
300
0
6
0
300
0
6
0
300
0
6
0
300
0
6
0
300
0
6
0
300
0
6
0
300
0
6
0
300
0
6
0
300
0
6
0
300
0
6
0
300
0
6
0
300
0
6
0
300
0
6
0
300
0
6
0
300
0
6
0
300
0
6
0
300
0
6
0
300
0
6
0
300
0
6
0
300
0
6
0
300
0
6
0
300
0
6
0
300
0
6
0
300
0
6
0
300
0
6
0
300
0
6
18
300
0
5
a
7
2257
100
1
7
51b1
100
1
7
c7b7
100
1
7
da08
100
1
7
346a
100
1
7
2b36
100
1
7
7a9b
100
1
7
9220
100
1
7
6f63
100
1
7
9973
100
1
7
cd6
100
1
7
9ec4
100
1
7
8fd5
100
1
7
f001
100
1
7
f06a
100
1
7
27e6
100
0
ffffffff