1
2
3
5
10
6
6162
300
0
6
6380
300
0
6
0
300
0
6
0
300
0
6
0
300
0
6
0
300
0
6
0
300
0
6
0
300
0
6
0
300
0
6
0
300
0
6
0
300
0
6
0
300
0
6
0
300
0
6
0
300
0
6
0
300
0
6
0
300
0
6
0
300
0
6
0
300
0
6
0
300
0
6
0
300
0
6
0
300
0
6
0
300
0
6
0
300
0
6
0
300
0
6
0
300
0
6
0
300
0
6
0
300
0
6
0
300
0
6
0
300
0
6
0
300
0
6
0
300
0
6
18
300
0
5
80
7
1a19
100
1
7
5f0e
100
1
7
fac2
100
1
7
6868
100
1
7
b3e2
100
1
7
a118
100
1
7
55a1
100
1
7
6c49
100
1
7
4cc2
100
1
7
7d12
100
1
7
d299
100
1
7
373a
100
1
7
52c5
100
1
7
503d
100
1
7
2d29
100
1
7
c44e
100
0
ffffffff