5
20
1
2
5
20
3
5
20
6
1ff
800
0
6
dead
800
0
6
0
800
0
6
0
800
0
6
0
800
0
6
0
800
0
6
0
800
0
6
0
800
0
6
0
800
0
6
0
800
0
6
0
800
0
6
0
800
0
6
0
800
0
6
0
800
0
6
0
800
0
6
0
800
0
6
0
800
0
6
0
800
0
6
0
800
0
6
0
800
0
6
0
800
0
6
0
800
0
6
0
800
0
6
0
800
0
6
0
800
0
6
0
800
0
6
0
800
0
6
0
800
0
6
0
800
0
6
0
800
0
6
0
800
0
6
0
800
0
6
1
800
0
6
0
800
0
6
0
800
0
6
0
800
0
6
0
800
0
6
0
800
0
6
0
800
0
6
0
800
0
6
0
800
0
6
0
800
0
6
0
800
0
6
0
800
0
6
0
800
0
6
0
800
0
6
0
800
0
6
0
800
0
6
0
800
0
6
0
800
0
6
0
800
0
6
0
800
0
6
0
800
0
6
0
800
0
6
0
800
0
6
0
800
0
6
0
800
0
6
0
800
0
6
0
800
0
6
0
800
0
6
ff01
800
0
6
0
800
0
6
0
800
0
6
0
800
0
6
1
800
0
5
50
7
310f
800
1
7
4cd4
800
1
7
5808
800
1
7
6fb0
800
1
7
3b04
800
1
7
83ee
800
1
7
95c2
800
1
7
97f7
800
1
7
c67a
800
1
7
12c2
800
1
7
9e04
800
1
7
8bb4
800
1
7
7541
800
1
7
a942
800
1
7
c1ad
800
1
7
5aa3
800
0
ffffffff
